Source 	RA 	Dec 	Name 	V opt 	g−z 	M g 	M ⋆ 	sSFR 	rms 	V HI 	W 50 	W 20 	F HI 	SNR 	S / N 	M HI 	MHI/M⋆	
0023 	00 10 25.50 	14 17 23.00 	KUG 0007+140 	5452 ± 4 	0.93 	−18.81 	9.50 	−10.17 	0.45 	5456 ± 3 	189 	208 	0.60 ± 0.06 	8.4 	15.4 	8.93 	−0.57
0037M 	00 15 05.40 	15 03 59.70 	2MASX J00150533+1503597 	5428 ± 2 	1.37 	−19.15 	10.00 	−10.55 	0.53 	5436 ± 20 	81 	164 	0.30 ± 0.07 	6.0 	10.2 	8.63 	−1.37
0038 	00 15 29.70 	14 43 37.20 	ASK 147494 	5432 ± 3 	0.39 	−16.55 	8.21 	−9.54 	0.17 	5445 ± 3 	65 	76 	0.04 ± 0.01 	4.9 	4.7 	7.77 	−0.44
0297 	02 00 03.80 	14 07 12.90 	ASK 43581 	4860 ± 2 	0.39 	−16.52 	6.14 	−8.70 	0.57 	4860 ± 2 	120 	139 	0.66 ± 0.06 	10.8 	16.9 	8.87 	2.73
0329M 	02 50 52.00 	00 00 12.10 	ASK 037212 	1587 ± 2 	0.24 	−14.16 	7.19 	−9.59 	0.17 	1579 ± 1 	26 	41 	0.07 ± 0.01 	12.2 	12.4 	6.91 	−0.27
0340 	03 01 11.90 	00 18 10.50 	PGC 1162351 	2779 ± 2 	0.61 	−15.67 	7.94 	−9.52 	0.54 	2793 ± 10 	34 	92 	0.21 ± 0.05 	8.0 	10.7 	7.90 	−0.05
0349M 	03 07 15.65 	00 43 52.00 	ASK 37834 	3011 ± 1 	0.47 	−15.60 	7.74 	−9.43 	0.58 	3030 ± 3 	79 	100 	0.49 ± 0.06 	10.2 	15.4 	8.33 	0.59
0475 	07 35 24.20 	36 38 36.40 	ASK 44962 	3902 ± 1 	0.42 	−16.86 	8.23 	−9.48 	0.81 	3887 ± 8 	86 	141 	0.79 ± 0.09 	9.9 	17.1 	8.76 	0.53
0562 	07 59 16.20 	23 50 58.10 	ASK 265000 	2231 ± 2 	0.69 	−14.88 	7.73 	−9.96 	0.40 	2242 ± 7 	49 	72 	0.08 ± 0.03 	4.5 	4.4 	7.26 	−0.47
0575 	08 01 32.20 	21 22 47.80 	ASK 363277 	2104 ± 3 	0.56 	−15.63 	7.86 	−9.52 	0.50 	2103 ± 3 	47 	78 	0.46 ± 0.04 	13.6 	21.8 	7.99 	0.13
0602 	08 15 38.03 	21 15 37.20 	ASK 483519 	3476 ± 1 	0.45 	−16.28 	7.94 	−9.31 	0.51 	3487 ± 12 	56 	140 	0.45 ± 0.06 	9.8 	19.1 	8.42 	0.48
0609 	08 17 21.00 	24 57 45.60 	KUG 0814+251 	2074 ± 4 	0.61 	−15.55 	7.91 	−9.58 	0.36 	2062 ± 7 	88 	131 	0.29 ± 0.04 	8.4 	14.0 	7.77 	−0.13
0645 	08 23 41.00 	20 41 48.50 	ASK 522849 	2011 ± 10 	0.67 	−14.19 	7.49 	−9.75 	0.45 	2024 ± 8 	43 	70 	0.10 ± 0.04 	5.0 	5.3 	7.28 	−0.21
0689 	08 36 41.10 	05 16 24.00 	ASK 259050 	3127 ± 1 	0.20 	−15.72 	7.54 	−8.93 	0.46 	3126 ± 5 	55 	90 	0.28 ± 0.04 	9.5 	13.3 	8.12 	0.58
0708M 	08 42 25.80 	06 35 38.60 	ASK 259104 	2260 ± 1 	0.33 	−15.48 	7.60 	−9.28 	0.54 	2254 ± 4 	50 	85 	0.47 ± 0.05 	12.4 	19.8 	8.06 	0.46
0719 	08 44 42.70 	29 32 43.00 	ASK 281794 	2116 ± 2 	0.40 	−14.49 	7.26 	−9.29 	0.50 	2135 ± 8 	69 	109 	0.21 ± 0.05 	7.0 	8.2 	7.66 	0.40
0724 	08 45 25.40 	15 19 46.00 	PGC 4176159 	1614 ± 8 	0.02 	−13.43 	7.30 	−10.72 	0.36 	1598 ± 7 	35 	72 	0.10 ± 0.03 	7.0 	7.9 	7.11 	−0.19
0751 	08 50 25.19 	32 37 18.80 	ASK 266943 	2221 ± 1 	0.56 	−14.82 	7.21 	−9.37 	0.52 	2219 ± 5 	44 	63 	0.10 ± 0.04 	4.9 	4.9 	7.39 	0.18
0801M 	09 08 52.55 	21 55 29.70 	2MASX J09085253+2155292 	3849 ± 1 	0.66 	−17.03 	8.51 	−9.63 	0.59 	3851 ± 3 	51 	77 	0.36 ± 0.05 	10.0 	13.8 	8.41 	−0.10
0828 	09 14 57.30 	06 00 18.60 	ASK 261057 	1370 ± 29 	0.64 	−14.37 	− 	− 	0.32 	1370 ± 8 	28 	54 	0.04 ± 0.02 	4.6 	4.3 	6.60 	−
0850M 	09 20 02.70 	28 20 57.40 	ASK 488350 	1915 ± 7 	0.52 	−14.23 	7.35 	−9.55 	0.49 	1920 ± 3 	63 	83 	0.29 ± 0.04 	8.6 	11.9 	7.70 	0.35
0904 	09 40 45.80 	32 28 20.80 	KUG 0937+327 	1293 ± 1 	0.44 	−14.20 	7.13 	−9.32 	0.51 	1280 ± 11 	54 	103 	0.19 ± 0.05 	6.2 	8.5 	7.19 	0.06
0928 	09 46 53.00 	31 47 44.60 	KUG 0943+320 	1425 ± 3 	0.64 	−14.40 	7.47 	−9.70 	0.47 	1424 ± 5 	59 	92 	0.27 ± 0.04 	8.4 	12.3 	7.43 	−0.04
0938M 	09 48 47.50 	27 52 25.40 	ASK 491818 	1316 ± 1 	0.51 	−14.56 	7.30 	−9.37 	0.85 	1318 ± 10 	34 	73 	0.20 ± 0.07 	5.5 	6.6 	7.22 	−0.07
0949 	09 52 35.10 	08 11 56.60 	ASK 277328 	2725 ± 3 	0.72 	−16.92 	8.53 	−9.75 	0.56 	2723 ± 2 	105 	120 	0.53 ± 0.06 	9.3 	15.1 	8.28 	−0.25
0952M 	09 54 30.00 	32 03 42.00 	ASK 492645 	1424 ± 2 	0.40 	−13.50 	7.01 	−9.47 	0.66 	1434 ± 2 	87 	101 	0.49 ± 0.06 	8.4 	13.2 	7.69 	0.68
0976 	10 01 09.50 	08 46 55.50 	ASK 277703 	1265 ± 2 	0.63 	−13.67 	7.14 	−9.61 	0.62 	1260 ± 2 	28 	39 	0.13 ± 0.04 	7.0 	6.5 	7.00 	−0.14
0987M 	10 04 25.10 	02 33 31.00 	ASK 68781 	1125 ± 2 	−0.38 	−11.91 	7.12 	−9.59 	0.55 	1131 ± 2 	32 	53 	0.33 ± 0.04 	12.5 	17.2 	7.30 	0.19
0991M 	10 06 10.80 	11 06 02.10 	ASK 295498 	2499 ± 1 	0.48 	−16.95 	6.10 	−8.41 	0.62 	2509 ± 3 	101 	123 	0.58 ± 0.07 	9.1 	15.2 	8.24 	2.15
1017 	10 16 59.00 	03 42 35.40 	ASK 95821 	1204 ± 1 	0.63 	−14.10 	− 	− 	0.58 	1212 ± 3 	29 	46 	0.17 ± 0.04 	8.2 	8.7 	7.07 	−
1030 	10 19 59.90 	24 47 24.60 	ASK 596355 	1258 ± 1 	0.42 	−14.06 	7.08 	−9.48 	0.63 	1256 ± 4 	35 	56 	0.17 ± 0.04 	7.4 	7.3 	7.10 	0.02
1069 	10 35 11.10 	25 27 04.00 	PGC 4243890 	1298 ± 1 	0.24 	−13.32 	6.62 	−8.98 	0.53 	1297 ± 4 	34 	56 	0.16 ± 0.04 	7.4 	8.4 	7.11 	0.49
1095 	10 44 20.70 	14 05 04.00 	NGC 3357 	9770 ± 2 	1.51 	−22.32 	11.41 	−12.52 	0.77 	9740 ± 11 	113 	152 	0.39 ± 0.09 	5.2 	7.6 	9.25 	−2.16
1147 	11 00 47.10 	16 52 55.50 	PGC 4260762 	1136 ± 2 	0.51 	−13.25 	6.93 	−9.56 	1.06 	1132 ± 5 	41 	59 	0.21 ± 0.08 	4.9 	5.1 	7.12 	0.19
1166 	11 07 09.90 	28 22 31.90 	PGC 1833985 	1003 ± 1 	0.42 	−13.87 	7.09 	−9.49 	0.48 	1006 ± 4 	42 	79 	0.34 ± 0.04 	11.8 	18.0 	7.22 	0.13
1260D 	11 25 04.00 	28 09 35.60 	PGC 4546173 	1593 ± 1 	−0.01 	−14.24 	6.76 	−8.80 	0.85 	1580 ± 9 	38 	65 	0.16 ± 0.07 	4.2 	4.8 	7.27 	0.51
1388 	11 47 06.90 	03 06 23.00 	ASK 74477 	1016 ± 2 	0.44 	−13.16 	6.71 	−9.29 	0.19 	1021 ± 2 	31 	53 	0.09 ± 0.01 	11.0 	13.1 	6.64 	−0.08
1419 	11 52 24.06 	32 24 13.90 	NGC 3935 	3066 ± 2 	1.37 	−19.60 	10.22 	−10.77 	0.51 	3075 ± 19 	78 	152 	0.27 ± 0.06 	5.7 	9.9 	8.09 	−2.12
1424 	11 53 00.30 	16 02 29.40 	ASK 436517 	905 ± 29 	0.63 	−12.08 	− 	− 	0.58 	931 ± 4 	27 	42 	0.09 ± 0.04 	4.6 	5.0 	6.59 	−
1453 	11 57 25.10 	02 11 15.90 	PGC 1218832 	1019 ± 1 	0.49 	−13.16 	6.80 	−9.49 	0.62 	1019 ± 3 	35 	56 	0.22 ± 0.04 	8.9 	9.7 	7.04 	0.24
1751M 	12 54 12.60 	00 48 09.10 	CGCG 015-035 	1191 ± 1 	0.64 	−15.29 	− 	− 	0.65 	1197 ± 2 	61 	81 	0.62 ± 0.06 	12.6 	20.0 	7.63 	−
1807 	13 09 36.90 	31 40 34.00 	PGC 1958740 	2159 ± 4 	−0.05 	−15.06 	7.56 	−9.91 	0.25 	2156 ± 4 	41 	79 	0.24 ± 0.02 	14.1 	24.7 	7.73 	0.17
1877 	13 34 06.90 	09 15 43.20 	PGC 4544337 	1112 ± 11 	0.51 	−13.70 	7.30 	−10.09 	0.26 	1134 ± 2 	26 	39 	0.07 ± 0.02 	8.8 	8.1 	6.62 	−0.69
1879 	13 35 37.20 	14 21 39.40 	PGC 1456087 	993 ± 21 	0.78 	−13.81 	− 	− 	0.45 	1040 ± 7 	27 	49 	0.06 ± 0.03 	4.6 	4.0 	6.48 	−
1987M 	13 57 21.10 	26 12 27.20 	PGC 1767195 	2391 ± 4 	0.57 	−14.70 	7.52 	−9.55 	0.32 	2360 ± 6 	38 	72 	0.12 ± 0.03 	8.1 	10.1 	7.51 	−0.01
1988 	13 57 23.60 	05 34 25.20 	ASK 179268 	994 ± 20 	0.35 	−14.95 	− 	− 	0.36 	1008 ± 1 	42 	55 	0.17 ± 0.03 	10.3 	11.9 	6.93 	−
1998 	13 58 45.00 	24 09 05.00 	2MASX J13584501+2409048 	970 ± 2 	0.76 	−13.86 	7.34 	−9.86 	0.37 	984 ± 2 	63 	82 	0.30 ± 0.03 	11.2 	16.5 	7.14 	−0.19
2084 	14 17 07.50 	04 50 13.40 	ASK 99987 	1643 ± 1 	0.37 	−14.11 	7.09 	−9.35 	0.29 	1658 ± 3 	45 	73 	0.18 ± 0.02 	10.7 	14.6 	7.37 	0.28
2094 	14 19 29.08 	35 34 01.10 	ASK 392553 	3207 ± 1 	0.80 	−16.38 	8.39 	−9.80 	0.30 	3185 ± 6 	81 	106 	0.12 ± 0.03 	6.1 	7.5 	7.78 	−0.61
2099 	14 20 11.10 	10 15 46.50 	NGC 5562 	9142 ± 3 	1.61 	−21.84 	11.40 	−12.78 	0.56 	9187 ± 4 	140 	149 	0.18 ± 0.07 	3.4 	4.4 	8.87 	−2.53
2140 	14 28 08.70 	01 49 25.60 	ASK 082514 	1728 ± 29 	0.30 	−14.29 	− 	− 	0.29 	1728 ± 3 	25 	43 	0.08 ± 0.02 	8.6 	8.9 	7.06 	−
2225 	14 45 36.30 	34 10 43.80 	ASK 394208 	1642 ± 6 	0.40 	−14.51 	7.15 	−10.65 	0.43 	1630 ± 3 	35 	57 	0.21 ± 0.03 	10.8 	13.2 	7.42 	0.27
2236M 	14 48 58.99 	33 11 34.90 	CGCG 193-002 	1700 ± 2 	0.70 	−16.54 	8.33 	−9.97 	0.50 	1704 ± 2 	50 	77 	0.64 ± 0.04 	15.2 	28.9 	7.95 	−0.38
2301M 	15 18 57.00 	00 30 56.50 	PGC 1168006 	2082 ± 14 	0.58 	−14.59 	7.51 	−9.63 	0.36 	2098 ± 5 	60 	75 	0.08 ± 0.03 	3.8 	4.4 	7.21 	−0.30
2311 	15 24 50.10 	03 04 53.10 	SHOC 505 	1753 ± 1 	0.38 	−14.87 	7.56 	−9.41 	0.38 	1745 ± 5 	80 	125 	0.40 ± 0.04 	11.2 	19.3 	7.77 	0.22
2316 	15 27 44.50 	09 41 56.80 	ASK 421256 	1820 ± 1 	0.51 	−15.62 	7.96 	−9.67 	0.41 	1818 ± 3 	46 	78 	0.56 ± 0.03 	15.7 	32.4 	7.95 	−0.01
2317 	15 27 53.00 	25 38 37.50 	PGC 1744110 	1470 ± 1 	0.38 	−13.64 	6.91 	−9.26 	0.31 	1477 ± 9 	37 	78 	0.09 ± 0.03 	6.8 	8.1 	6.99 	0.09
2325M 	15 32 49.90 	36 12 13.50 	ASK 331970 	1993 ± 1 	0.54 	−16.01 	7.98 	−9.56 	0.50 	2002 ± 3 	48 	68 	0.21 ± 0.04 	7.8 	9.9 	7.61 	−0.37
2327 	15 33 36.75 	33 21 33.60 	ASK 313250 	1999 ± 2 	0.36 	−14.56 	7.40 	−9.43 	0.41 	1994 ± 8 	52 	93 	0.19 ± 0.04 	7.3 	10.5 	7.56 	0.16
2349 	16 00 13.80 	17 50 53.80 	PGC 1543427 	2053 ± 1 	0.46 	−15.64 	7.71 	−9.42 	0.51 	2057 ± 3 	79 	106 	0.59 ± 0.05 	11.9 	21.1 	8.08 	0.37
2373 	16 35 20.70 	17 45 55.10 	Mrk 0886 	2740 ± 1 	0.63 	−17.82 	8.94 	−9.52 	0.34 	2754 ± 5 	86 	129 	0.39 ± 0.04 	11.3 	19.9 	8.15 	−0.79
2402 	21 13 07.70 	01 13 47.20 	2MASX J21130776+0113480 	4157 ± 2 	0.75 	−18.01 	8.97 	−9.78 	0.70 	4165 ± 10 	146 	187 	0.49 ± 0.09 	5.8 	9.3 	8.61 	−0.36
2407M 	21 16 27.60 	−00 49 35.30 	NGC 7047 	5783 ± 3 	1.48 	−20.60 	10.71 	−11.52 	0.67 	5796 ± 6 	422 	458 	2.11 ± 0.14 	8.4 	24.7 	9.53 	−1.18
2410M 	21 17 34.60 	11 00 43.20 	ASK 138402 	3271 ± 2 	0.47 	−15.37 	7.50 	−9.18 	0.54 	3266 ± 6 	59 	99 	0.36 ± 0.05 	9.4 	14.3 	8.27 	0.77
2416 	21 28 29.10 	10 04 52.60 	2MASX J21282910+1004527 	4929 ± 2 	1.02 	−17.63 	9.10 	−10.14 	0.65 	4933 ± 5 	178 	192 	0.32 ± 0.09 	3.9 	5.9 	8.57 	−0.53
2423 	21 42 22.80 	12 29 53.80 	UGC 11794 	5848 ± 4 	1.42 	−20.12 	10.50 	−11.28 	0.46 	5855 ± 6 	344 	384 	1.22 ± 0.09 	9.6 	22.8 	9.30 	−1.19
2432 	21 50 38.40 	13 17 17.40 	CGCG 427-027 	6045 ± 2 	1.50 	−20.81 	10.88 	−11.40 	0.60 	6060 ± 6 	208 	231 	0.41 ± 0.09 	5.6 	7.8 	8.87 	−2.02
2433 	21 52 22.50 	−01 10 15.70 	ASK 21400 	4770 ± 1 	0.55 	−16.57 	8.14 	−9.48 	1.31 	4753 ± 6 	90 	109 	0.33 ± 0.13 	4.2 	4.3 	8.55 	0.41
2436 	21 54 47.70 	00 13 45.70 	ASK 21641 	2984 ± 1 	0.48 	−15.76 	7.88 	−9.47 	0.43 	2981 ± 4 	73 	107 	0.47 ± 0.04 	12.4 	20.9 	8.30 	0.42
2452 	22 26 19.50 	12 15 02.00 	ASK 140946 	3527 ± 8 	0.49 	−15.59 	7.72 	−9.51 	0.32 	3544 ± 1 	94 	111 	0.41 ± 0.03 	12.9 	20.9 	8.39 	0.67
2461 	22 33 49.80 	00 28 58.30 	ASK 23755 	4642 ± 1 	0.47 	−16.75 	8.22 	−9.39 	0.89 	4606 ± 22 	59 	161 	0.52 ± 0.11 	6.7 	12.2 	8.72 	0.51
2534 	23 25 30.20 	14 06 20.50 	ASK 144855 	3996 ± 1 	0.54 	−15.91 	7.91 	−9.49 	0.29 	4001 ± 4 	44 	66 	0.10 ± 0.02 	8.0 	8.2 	7.87 	−0.04 